# Road 1
#
r 0.0 0.0 0.0 0.0 
r 0.0 0.0 8.0 0.0 
r 0.0 0.0 16.0 0.0 
r 0.0 0.0 24.0 0.0 
r 0.0 0.0 32.0 0.0 
r 0.0 0.0 40.0 0.0 
r 0.0 0.0 48.0 0.0
l -2.15 0.0 0.0 0.0
l -2.15 0.0 8.0 0.0
l -2.15 0.0 16.0 0.0
l -2.15 0.0 24.0 0.0
l -2.15 0.0 32.0 0.0
l -2.15 0.0 40.0 0.0
l -2.15 0.0 48.0 0.0
r 4.3 0.0 0.0 0.0 
r 4.3 0.0 8.0 0.0 
r 4.3 0.0 16.0 0.0 
r 4.3 0.0 24.0 0.0 
r 4.3 0.0 32.0 0.0 
r 4.3 0.0 40.0 0.0 
r 4.3 0.0 48.0 0.0 
l 6.45 0.0 0.0 0.0
l 6.45 0.0 8.0 0.0
l 6.45 0.0 16.0 0.0
l 6.45 0.0 24.0 0.0
l 6.45 0.0 32.0 0.0
l 6.45 0.0 40.0 0.0
l 6.45 0.0 48.0 0.0
c 2.15 0.0 -8.45 0.0
b 2.15 0.0 -12.75 1.5707963267948966192
l 2.15 0.0 -12.75 0.0
c 2.15 0.0 56.45 0.0
b 2.15 0.0 60.75 1.5707963267948966192
b 6.45 0.0 56.45 0.0
b -2.15 0.0 56.45 0.0
l 2.15 0.0 60.75 0.0
#
# Road 2
#
r -6.3 0.0 -6.3 1.5707963267948966192
r -6.3 0.0 -10.6 1.5707963267948966192
r -14.3 0.0 -6.3 1.5707963267948966192
r -14.3 0.0 -10.6 1.5707963267948966192
r -22.3 0.0 -6.3 1.5707963267948966192
r -22.3 0.0 -10.6 1.5707963267948966192
l -6.3 0.0 -4.15 0.0
l -14.3 0.0 -4.15 0.0
l -22.3 0.0 -4.15 0.0
l -6.3 0.0 -12.75 0.0
l -14.3 0.0 -12.75 0.0
l -22.3 0.0 -12.75 0.0
c -30.75 0.0 -8.45 0.0
#
# Road 3
#
r 10.6 0.0 -6.3 1.5707963267948966192
r 10.6 0.0 -10.6 1.5707963267948966192
l 10.6 0.0 -4.15 0.0
l 10.6 0.0 -12.75 0.0
c 19.05 0.0 -8.45 0.0
b 19.05 0.0 -4.15 1.5707963267948966192
l 19.05 0.0 -4.15 0.0
r 27.5 0.0 -6.3 1.5707963267948966192
r 27.5 0.0 -10.6 1.5707963267948966192
l 27.5 0.0 -4.15 0.0
l 27.5 0.0 -12.75 0.0
c 35.95 0.0 -8.45 0.0
b 35.95 0.0 -4.15 1.5707963267948966192
b 35.95 0.0 -12.75 1.5707963267948966192
b 40.25 0.0 -8.45 0.0
l 40.25 0.0 -8.45 0.0
#
# Road 4
#
r 16.9 0.0 -16.9 0.0
r 21.2 0.0 -16.9 0.0
l 14.75 0.0 -16.9 0.0
l 23.35 0.0 -16.9 0.0
r 16.9 -1.0 -24.9 0.0